2.299522638320922852e+00
2.297161817550659180e+00
2.297619342803955078e+00
2.299247264862060547e+00
2.291417360305786133e+00
2.302345752716064453e+00
2.300989151000976562e+00
2.298460960388183594e+00
2.304292917251586914e+00
2.304557323455810547e+00
2.302871227264404297e+00
2.306814670562744141e+00
2.308552980422973633e+00
2.308426856994628906e+00
2.298875093460083008e+00
2.289135932922363281e+00
2.304868221282958984e+00
2.297306776046752930e+00
2.294925212860107422e+00
2.295929908752441406e+00
2.298072099685668945e+00
2.306365966796875000e+00
2.296910047531127930e+00
2.296174764633178711e+00
2.300104856491088867e+00
2.298069953918457031e+00
2.295347213745117188e+00
2.288843631744384766e+00
2.301530838012695312e+00
2.298817157745361328e+00
2.295001983642578125e+00
2.284983873367309570e+00
2.296457767486572266e+00
2.295487165451049805e+00
2.298862457275390625e+00
2.295160531997680664e+00
2.286909341812133789e+00
2.307208299636840820e+00
2.292968988418579102e+00
2.296956062316894531e+00
2.309116363525390625e+00
2.294606685638427734e+00
2.297496557235717773e+00
2.280622959136962891e+00
2.301765441894531250e+00
2.295958042144775391e+00
2.292653799057006836e+00
2.281509876251220703e+00
2.283574819564819336e+00
2.295179367065429688e+00
2.284787416458129883e+00
2.294500350952148438e+00
2.290245294570922852e+00
2.292973518371582031e+00
2.296289920806884766e+00
2.299704790115356445e+00
2.284973859786987305e+00
2.289704561233520508e+00
2.280107021331787109e+00
2.272898674011230469e+00
2.283414602279663086e+00
2.274948358535766602e+00
2.294945240020751953e+00
2.288305997848510742e+00
2.290028095245361328e+00
2.290040254592895508e+00
2.297350168228149414e+00
2.284790992736816406e+00
2.285004377365112305e+00
2.292112350463867188e+00
2.286115407943725586e+00
2.287683010101318359e+00
2.291831493377685547e+00
2.290376663208007812e+00
2.300544261932373047e+00
2.287084579467773438e+00
2.299687385559082031e+00
2.298618793487548828e+00
2.293338775634765625e+00
2.282962560653686523e+00
2.289015531539916992e+00
2.292656898498535156e+00
2.275727033615112305e+00
2.289234876632690430e+00
2.287264108657836914e+00
2.281745672225952148e+00
2.279049634933471680e+00
2.296494483947753906e+00
2.287082195281982422e+00
2.285770177841186523e+00
2.286720514297485352e+00
2.291620016098022461e+00
2.285556077957153320e+00
2.291748046875000000e+00
2.293193101882934570e+00
2.296866416931152344e+00
2.285514354705810547e+00
2.289438962936401367e+00
2.280538320541381836e+00
2.279724597930908203e+00
2.281131982803344727e+00
2.293456315994262695e+00
2.298840761184692383e+00
2.281124353408813477e+00
2.295066595077514648e+00
2.283215999603271484e+00
2.280154943466186523e+00
2.279160022735595703e+00
2.287278652191162109e+00
2.290261268615722656e+00
2.277901411056518555e+00
2.273481130599975586e+00
2.284241914749145508e+00
2.280110597610473633e+00
2.277410507202148438e+00
2.278732061386108398e+00
2.282219409942626953e+00
2.276948928833007812e+00
2.284116268157958984e+00
2.284349679946899414e+00
2.278099775314331055e+00
2.272689580917358398e+00
2.293837547302246094e+00
2.283135652542114258e+00
2.282020807266235352e+00
2.288092136383056641e+00
2.279107809066772461e+00
2.284891366958618164e+00
2.286865711212158203e+00
2.273497104644775391e+00
2.275244235992431641e+00
2.265431880950927734e+00
2.290485143661499023e+00
2.274445056915283203e+00
2.286206245422363281e+00
2.287371873855590820e+00
2.269548654556274414e+00
2.287529706954956055e+00
2.288702964782714844e+00
2.278881311416625977e+00
2.279844760894775391e+00
2.274479627609252930e+00
2.288324356079101562e+00
2.281536102294921875e+00
2.281074762344360352e+00
2.276719570159912109e+00
2.275789499282836914e+00
2.275068521499633789e+00
2.281772613525390625e+00
2.278601646423339844e+00
2.291632175445556641e+00
2.294198036193847656e+00
2.276184797286987305e+00
2.271827220916748047e+00
2.269500255584716797e+00
2.280925750732421875e+00
2.271361827850341797e+00
2.277468442916870117e+00
2.278463363647460938e+00
2.283267498016357422e+00
2.263745069503784180e+00
2.267809867858886719e+00
2.273968458175659180e+00
2.286605358123779297e+00
2.280672550201416016e+00
2.280582427978515625e+00
2.277549505233764648e+00
2.275116443634033203e+00
2.273160934448242188e+00
2.274842977523803711e+00
2.263930559158325195e+00
2.280253171920776367e+00
2.285107374191284180e+00
2.273589134216308594e+00
2.269582986831665039e+00
2.271894693374633789e+00
2.275528669357299805e+00
2.270495176315307617e+00
2.281069040298461914e+00
2.267078399658203125e+00
2.277583837509155273e+00
2.274489879608154297e+00
2.268183231353759766e+00
2.271702289581298828e+00
2.276082992553710938e+00
2.277567863464355469e+00
2.258553743362426758e+00
2.266228914260864258e+00
2.261307716369628906e+00
2.269807577133178711e+00
2.280127048492431641e+00
2.260462284088134766e+00
2.270146369934082031e+00
2.267066001892089844e+00
2.275658607482910156e+00
2.275062084197998047e+00
2.264287471771240234e+00
2.266057729721069336e+00
2.266743421554565430e+00
2.270889997482299805e+00
2.282203435897827148e+00
2.270558118820190430e+00
2.266344308853149414e+00
2.262131214141845703e+00
2.272583246231079102e+00
2.269198894500732422e+00
2.273926973342895508e+00
2.271463871002197266e+00
2.274799585342407227e+00
2.266073465347290039e+00
2.268832921981811523e+00
2.276511669158935547e+00
2.261554956436157227e+00
2.270952463150024414e+00
2.266011238098144531e+00
2.281558275222778320e+00
2.268257379531860352e+00
2.255710840225219727e+00
2.270642042160034180e+00
2.268944025039672852e+00
2.269093275070190430e+00
2.272208690643310547e+00
2.255892992019653320e+00
2.269776344299316406e+00
2.271030426025390625e+00
2.273271799087524414e+00
2.259412765502929688e+00
2.260620117187500000e+00
2.251420497894287109e+00
2.267093420028686523e+00
2.261905670166015625e+00
2.261224269866943359e+00
2.266984224319458008e+00
2.254877090454101562e+00
2.267603158950805664e+00
2.254596233367919922e+00
2.266496419906616211e+00
2.257246494293212891e+00
2.267500162124633789e+00
2.259819507598876953e+00
2.265890836715698242e+00
2.256368637084960938e+00
2.268450736999511719e+00
2.257932662963867188e+00
2.263192415237426758e+00
2.263188362121582031e+00
2.256954431533813477e+00
2.265246629714965820e+00
2.263421058654785156e+00
2.249377727508544922e+00
2.266767501831054688e+00
2.253981590270996094e+00
2.267084836959838867e+00
2.265106916427612305e+00
2.260989189147949219e+00
2.257968664169311523e+00
2.261034011840820312e+00
2.264269351959228516e+00
2.261104345321655273e+00
2.269801378250122070e+00
2.272668600082397461e+00
2.258708953857421875e+00
2.265371322631835938e+00
2.255211114883422852e+00
2.255779266357421875e+00
2.261591911315917969e+00
2.260757207870483398e+00
2.249453067779541016e+00
2.259047031402587891e+00
2.269082546234130859e+00
2.259252309799194336e+00
2.256286382675170898e+00
2.248358249664306641e+00
2.248677730560302734e+00
2.262983560562133789e+00
2.266629219055175781e+00
2.258743762969970703e+00
2.251135826110839844e+00
2.253371953964233398e+00
2.261978626251220703e+00
2.244376420974731445e+00
2.255671024322509766e+00
2.266502380371093750e+00
2.260440111160278320e+00
2.248147487640380859e+00
2.258823871612548828e+00
2.257589817047119141e+00
2.255481243133544922e+00
2.252199888229370117e+00
2.254699945449829102e+00
2.244510412216186523e+00
2.249671697616577148e+00
2.258536100387573242e+00
2.253477811813354492e+00
2.261864185333251953e+00
2.256608009338378906e+00
2.251486301422119141e+00
2.259476184844970703e+00
2.266163110733032227e+00
2.257732152938842773e+00
2.272385597229003906e+00
2.262974977493286133e+00
2.255579710006713867e+00
2.243461370468139648e+00
2.256697177886962891e+00
2.257339000701904297e+00
2.252147197723388672e+00
2.243832588195800781e+00
2.251713275909423828e+00
2.256677865982055664e+00
2.255125761032104492e+00
2.236908435821533203e+00
2.255605220794677734e+00
2.254324674606323242e+00
2.272434711456298828e+00
2.247099637985229492e+00
2.252043247222900391e+00
2.260590553283691406e+00
2.258125543594360352e+00
2.261612415313720703e+00
2.247957944869995117e+00
2.255476713180541992e+00
2.246808290481567383e+00
2.260188579559326172e+00
2.244647264480590820e+00
2.242894411087036133e+00
2.248483180999755859e+00
2.248263597488403320e+00
2.254201889038085938e+00
2.247878551483154297e+00
2.261299610137939453e+00
2.244391679763793945e+00
2.253134012222290039e+00
2.240551471710205078e+00
2.256950378417968750e+00
2.252817392349243164e+00
2.242875814437866211e+00
2.257880210876464844e+00
2.255763769149780273e+00
2.246796369552612305e+00
2.249210119247436523e+00
2.239959001541137695e+00
2.250409126281738281e+00
2.256558895111083984e+00
2.249616861343383789e+00
2.248468637466430664e+00
2.245249032974243164e+00
2.234016418457031250e+00
2.267391443252563477e+00
2.259882926940917969e+00
2.239653110504150391e+00
2.246412038803100586e+00
2.238664150238037109e+00
2.244959115982055664e+00
2.244461297988891602e+00
2.241145610809326172e+00
2.259404420852661133e+00
2.248941183090209961e+00
2.248398780822753906e+00
2.241070270538330078e+00
2.244222640991210938e+00
2.243911743164062500e+00
2.231873035430908203e+00
2.266792774200439453e+00
2.241000652313232422e+00
2.229835271835327148e+00
2.244054317474365234e+00
2.240448474884033203e+00
2.242240190505981445e+00
2.246474266052246094e+00
2.248123645782470703e+00
2.238660812377929688e+00
2.254927158355712891e+00
2.238102912902832031e+00
2.254148960113525391e+00
2.245710849761962891e+00
2.246213436126708984e+00
2.234355211257934570e+00
2.248704433441162109e+00
2.244949340820312500e+00
2.230998277664184570e+00
2.248323440551757812e+00
2.256833076477050781e+00
2.235181570053100586e+00
2.257252216339111328e+00
2.234323024749755859e+00
2.235095500946044922e+00
2.245245933532714844e+00
2.242991447448730469e+00
2.228292465209960938e+00
2.228736639022827148e+00
2.241034507751464844e+00
2.243921279907226562e+00
2.245058298110961914e+00
2.227482795715332031e+00
2.250139951705932617e+00
2.255459308624267578e+00
2.237923383712768555e+00
2.231234788894653320e+00
2.247086286544799805e+00
2.233643054962158203e+00
2.245947360992431641e+00
2.241456747055053711e+00
2.240748882293701172e+00
2.233260393142700195e+00
2.233356475830078125e+00
2.249822616577148438e+00
2.243198633193969727e+00
2.236838102340698242e+00
2.234630584716796875e+00
2.229825973510742188e+00
2.229398727416992188e+00
2.243629217147827148e+00
2.224073886871337891e+00
2.230269908905029297e+00
2.232305288314819336e+00
2.227384805679321289e+00
2.226705074310302734e+00
2.240802764892578125e+00
2.225624322891235352e+00
2.230476617813110352e+00
2.235373735427856445e+00
2.225748538970947266e+00
2.239828824996948242e+00
2.250023126602172852e+00
2.252722024917602539e+00
2.248731136322021484e+00
2.236377477645874023e+00
2.237152576446533203e+00
2.227252244949340820e+00
2.232550382614135742e+00
2.236405849456787109e+00
2.236914873123168945e+00
2.238162755966186523e+00
2.228551626205444336e+00
2.216502189636230469e+00
2.224483966827392578e+00
2.249052524566650391e+00
2.236846208572387695e+00
2.238062620162963867e+00
2.234607696533203125e+00
2.226904869079589844e+00
2.226089000701904297e+00
2.240469932556152344e+00
2.249916076660156250e+00
2.219328165054321289e+00
2.223605871200561523e+00
2.234489202499389648e+00
2.239839553833007812e+00
2.237554073333740234e+00
2.233095645904541016e+00
2.244795083999633789e+00
2.239312171936035156e+00
2.250413656234741211e+00
2.248372077941894531e+00
2.247347116470336914e+00
2.238514661788940430e+00
2.226330280303955078e+00
2.247101545333862305e+00
2.236676692962646484e+00
2.215796947479248047e+00
2.218574285507202148e+00
2.230538606643676758e+00
2.235399961471557617e+00
2.223857164382934570e+00
2.222876548767089844e+00
2.221243143081665039e+00
2.215020179748535156e+00
2.220925331115722656e+00
2.238047838211059570e+00
2.220989465713500977e+00
2.226927995681762695e+00
2.233553171157836914e+00
2.230711698532104492e+00
2.226530790328979492e+00
2.234495639801025391e+00
2.229536294937133789e+00
2.221961021423339844e+00
2.232538938522338867e+00
2.226176261901855469e+00
2.225160121917724609e+00
2.221606492996215820e+00
2.227509498596191406e+00
2.214756011962890625e+00
2.234006404876708984e+00
2.231060266494750977e+00
2.220601320266723633e+00
2.221970796585083008e+00
2.223195314407348633e+00
2.224385976791381836e+00
2.238591909408569336e+00
2.219693183898925781e+00
2.225133657455444336e+00
2.238396644592285156e+00
2.230299234390258789e+00
2.231406688690185547e+00
2.208958387374877930e+00
2.227712869644165039e+00
2.228723526000976562e+00
2.228635072708129883e+00
2.227105855941772461e+00
2.213463783264160156e+00
2.226220607757568359e+00
2.215213060379028320e+00
2.210411548614501953e+00
2.234460830688476562e+00
2.225313425064086914e+00
2.225651741027832031e+00
2.229991436004638672e+00
2.203673839569091797e+00
2.233860731124877930e+00
2.212089538574218750e+00
2.230650901794433594e+00
2.228453874588012695e+00
2.207984209060668945e+00
2.235959291458129883e+00
2.217372894287109375e+00
2.218824386596679688e+00
2.222388267517089844e+00
2.213265180587768555e+00
2.221305370330810547e+00
2.199595689773559570e+00
2.193591833114624023e+00
2.242292165756225586e+00
2.214508295059204102e+00
2.224714517593383789e+00
2.224447488784790039e+00
2.229373455047607422e+00
2.225577354431152344e+00
2.201864719390869141e+00
2.213474512100219727e+00
2.203603744506835938e+00
2.220695972442626953e+00
2.222782135009765625e+00
2.195678472518920898e+00
2.222043514251708984e+00
2.213372468948364258e+00
2.212806940078735352e+00
2.222117900848388672e+00
2.211752176284790039e+00
2.208873271942138672e+00
2.227173089981079102e+00
2.221540927886962891e+00
2.209318876266479492e+00
2.214392662048339844e+00
2.213299274444580078e+00
2.200509548187255859e+00
2.223889827728271484e+00
2.223220348358154297e+00
2.213452816009521484e+00
2.224053144454956055e+00
2.214021682739257812e+00
2.202485799789428711e+00
2.223431348800659180e+00
2.203459739685058594e+00
2.229843854904174805e+00
2.216659069061279297e+00
2.217840194702148438e+00
2.233391284942626953e+00
2.199143409729003906e+00
2.212356328964233398e+00
2.212818145751953125e+00
2.224686622619628906e+00
2.207567453384399414e+00
2.206118106842041016e+00
2.225455284118652344e+00
2.191185235977172852e+00
2.210605621337890625e+00
2.206808805465698242e+00
2.207525014877319336e+00
2.200660705566406250e+00
2.211472511291503906e+00
2.210344314575195312e+00
2.222410440444946289e+00
2.225814580917358398e+00
2.212601661682128906e+00
2.203840732574462891e+00
2.220415592193603516e+00
2.218444108963012695e+00
2.208330154418945312e+00
2.199579238891601562e+00
2.218857049942016602e+00
2.190187931060791016e+00
2.198000907897949219e+00
2.194873332977294922e+00
2.203538894653320312e+00
2.237620115280151367e+00
2.223304986953735352e+00
2.204531192779541016e+00
2.195035696029663086e+00
2.206717967987060547e+00
2.206943273544311523e+00
2.181015491485595703e+00
2.188345432281494141e+00
2.196340084075927734e+00
2.216608524322509766e+00
2.198221206665039062e+00
2.210910797119140625e+00
2.183942079544067383e+00
2.212764024734497070e+00
2.199815988540649414e+00
2.223577022552490234e+00
2.222192049026489258e+00
2.222844362258911133e+00
2.206664800643920898e+00
2.205137968063354492e+00
2.192081928253173828e+00
2.200690507888793945e+00
2.197715044021606445e+00
2.199414491653442383e+00
2.198744297027587891e+00
2.210905075073242188e+00
2.200687170028686523e+00
2.196511268615722656e+00
2.207100629806518555e+00
2.194628715515136719e+00
2.187465190887451172e+00
2.203515529632568359e+00
2.207112073898315430e+00
2.216122627258300781e+00
2.195317745208740234e+00
2.209201097488403320e+00
2.219639539718627930e+00
2.198657035827636719e+00
2.205031394958496094e+00
2.190028667449951172e+00
2.187419176101684570e+00
2.206159830093383789e+00
2.192362785339355469e+00
2.200808286666870117e+00
2.215724229812622070e+00
2.197835445404052734e+00
2.213486194610595703e+00
2.190248012542724609e+00
2.205859422683715820e+00
2.201676130294799805e+00
2.216145753860473633e+00
2.214371681213378906e+00
2.207657814025878906e+00
2.179791450500488281e+00
2.196786880493164062e+00
2.195213556289672852e+00
2.202137947082519531e+00
2.210635423660278320e+00
2.200959444046020508e+00
2.182275295257568359e+00
2.205378770828247070e+00
2.198983430862426758e+00
2.195737361907958984e+00
2.206538438796997070e+00
2.196134805679321289e+00
2.196471929550170898e+00
2.189852952957153320e+00
2.198546171188354492e+00
2.198937416076660156e+00
2.199397325515747070e+00
2.212164878845214844e+00
2.206129074096679688e+00
2.194086074829101562e+00
2.180142641067504883e+00
2.194565057754516602e+00
2.179134368896484375e+00
2.197988033294677734e+00
2.210039138793945312e+00
2.166275501251220703e+00
2.191950798034667969e+00
2.195824384689331055e+00
2.189164400100708008e+00
2.193969726562500000e+00
2.177673816680908203e+00
2.215451240539550781e+00
2.184528350830078125e+00
2.195619583129882812e+00
2.185052394866943359e+00
2.199608564376831055e+00
2.197538375854492188e+00
2.183265209197998047e+00
2.192703008651733398e+00
2.180867671966552734e+00
2.225477218627929688e+00
2.188841819763183594e+00
2.193391799926757812e+00
2.182023763656616211e+00
2.199671745300292969e+00
2.202914714813232422e+00
2.210382223129272461e+00
2.212249040603637695e+00
2.176992177963256836e+00
2.168879270553588867e+00
2.199214935302734375e+00
2.205488681793212891e+00
2.188557147979736328e+00
2.181730270385742188e+00
2.196763753890991211e+00
2.196767330169677734e+00
2.173197746276855469e+00
2.180139064788818359e+00
2.194286346435546875e+00
2.178854465484619141e+00
2.182070970535278320e+00
2.216821432113647461e+00
2.180441141128540039e+00
2.178054809570312500e+00
2.219683885574340820e+00
2.180085659027099609e+00
2.184209108352661133e+00
2.156125545501708984e+00
2.205262899398803711e+00
2.198553562164306641e+00
2.184795618057250977e+00
2.192880153656005859e+00
2.182466983795166016e+00
2.184456586837768555e+00
2.202268838882446289e+00
2.193020105361938477e+00
2.173707723617553711e+00
2.205232381820678711e+00
2.199944257736206055e+00
2.188513040542602539e+00
2.181607246398925781e+00
2.196921348571777344e+00
2.169153451919555664e+00
2.185150623321533203e+00
2.185198068618774414e+00
2.178454399108886719e+00
2.195548772811889648e+00
2.182634353637695312e+00
2.176073312759399414e+00
2.178269386291503906e+00
2.200038909912109375e+00
2.170225143432617188e+00
2.204091787338256836e+00
2.176816463470458984e+00
2.178080797195434570e+00
2.172861099243164062e+00
2.169475793838500977e+00
2.201219320297241211e+00
2.191303014755249023e+00
2.180486679077148438e+00
2.181629419326782227e+00
2.184496641159057617e+00
2.176069021224975586e+00
2.176687717437744141e+00
2.194290399551391602e+00
2.160333156585693359e+00
2.181043863296508789e+00
2.175753355026245117e+00
2.205274105072021484e+00
2.183341503143310547e+00
2.193964242935180664e+00
2.176541805267333984e+00
2.178063154220581055e+00
2.150659561157226562e+00
2.190172672271728516e+00
2.165442228317260742e+00
2.200306415557861328e+00
2.153822660446166992e+00
2.203743696212768555e+00
2.197237253189086914e+00
2.192828893661499023e+00
2.198550462722778320e+00
2.203598976135253906e+00
2.161201000213623047e+00
2.167457342147827148e+00
2.172496795654296875e+00
2.184368133544921875e+00
2.159160375595092773e+00
2.171097040176391602e+00
2.188955307006835938e+00
2.172769546508789062e+00
2.182115554809570312e+00
2.189642190933227539e+00
2.194613218307495117e+00
2.177375316619873047e+00
2.173925638198852539e+00
2.173887968063354492e+00
2.181983232498168945e+00
2.194863319396972656e+00
2.168667793273925781e+00
2.165576219558715820e+00
2.190334320068359375e+00
2.152833938598632812e+00
2.181820154190063477e+00
2.194596767425537109e+00
2.181798934936523438e+00
2.150539398193359375e+00
2.176373004913330078e+00
2.158835887908935547e+00
2.165574312210083008e+00
2.175219774246215820e+00
2.179889917373657227e+00
2.188215017318725586e+00
2.156913280487060547e+00
2.164715766906738281e+00
2.171504259109497070e+00
2.183893442153930664e+00
2.174855232238769531e+00
2.178468704223632812e+00
2.172788381576538086e+00
2.184125423431396484e+00
2.164616107940673828e+00
2.160197734832763672e+00
2.161100625991821289e+00
2.151924848556518555e+00
2.142987251281738281e+00
2.191648960113525391e+00
2.177800893783569336e+00
2.167499542236328125e+00
2.172393321990966797e+00
2.168368577957153320e+00
2.186205863952636719e+00
2.166059494018554688e+00
2.170796394348144531e+00
2.167999982833862305e+00
2.176440954208374023e+00
2.171152114868164062e+00
2.178175449371337891e+00
2.189255714416503906e+00
2.153568744659423828e+00
2.168090105056762695e+00
2.160075664520263672e+00
2.177266597747802734e+00
2.163340330123901367e+00
2.172057628631591797e+00
2.155240774154663086e+00
2.149592876434326172e+00
2.188551902770996094e+00
2.166498422622680664e+00
2.157670497894287109e+00
2.131494283676147461e+00
2.144159793853759766e+00
2.181827783584594727e+00
2.165954589843750000e+00
2.158565998077392578e+00
2.198358535766601562e+00
2.139929294586181641e+00
2.181774139404296875e+00
2.159318685531616211e+00
2.160360336303710938e+00
2.151224136352539062e+00
2.181778430938720703e+00
2.159078359603881836e+00
2.162162542343139648e+00
2.177738666534423828e+00
2.182890415191650391e+00
2.177011251449584961e+00
2.179623603820800781e+00
2.154329299926757812e+00
2.199425220489501953e+00
2.173674345016479492e+00
2.150718688964843750e+00
2.169999361038208008e+00
2.160235404968261719e+00
2.154435396194458008e+00
2.143528699874877930e+00
2.157325744628906250e+00
2.161368370056152344e+00
2.162852048873901367e+00
2.154636859893798828e+00
2.131561040878295898e+00
2.167405128479003906e+00
2.147280454635620117e+00
2.177742719650268555e+00
2.158535957336425781e+00
2.165363073348999023e+00
2.150415658950805664e+00
2.152424812316894531e+00
2.163457155227661133e+00
2.170139074325561523e+00
2.133404970169067383e+00
2.168745279312133789e+00
2.138929843902587891e+00
2.132278203964233398e+00
2.170991897583007812e+00
2.162340641021728516e+00
2.171863079071044922e+00
2.174107789993286133e+00
2.138510465621948242e+00
2.173405170440673828e+00
2.158238172531127930e+00
2.152424812316894531e+00
2.127349138259887695e+00
2.171384811401367188e+00
2.151087999343872070e+00
2.140106201171875000e+00
2.167693138122558594e+00
2.173522710800170898e+00
2.129202365875244141e+00
2.126314640045166016e+00
2.163319826126098633e+00
2.152281999588012695e+00
2.142634630203247070e+00
2.157946109771728516e+00
2.197071313858032227e+00
2.187196016311645508e+00
2.145065069198608398e+00
2.136214733123779297e+00
2.141071081161499023e+00
2.150906801223754883e+00
2.173127651214599609e+00
2.136178493499755859e+00
2.173194646835327148e+00
2.171791076660156250e+00
2.121699571609497070e+00
2.115503787994384766e+00
2.155753135681152344e+00
2.157243728637695312e+00
2.127708196640014648e+00
2.136623859405517578e+00
2.166127681732177734e+00
2.171663284301757812e+00
2.153256177902221680e+00
2.140192985534667969e+00
2.138085603713989258e+00
2.163720607757568359e+00
2.149979352951049805e+00
2.153540134429931641e+00
2.129615306854248047e+00
2.122224330902099609e+00
2.151754856109619141e+00
2.137440919876098633e+00
2.137972593307495117e+00
2.151703596115112305e+00
2.146287202835083008e+00
2.143085002899169922e+00
2.173414230346679688e+00
2.172533273696899414e+00
2.130864381790161133e+00
2.165154457092285156e+00
2.144675731658935547e+00
2.151731729507446289e+00
2.149318456649780273e+00
2.143237590789794922e+00
2.139713048934936523e+00
2.130536079406738281e+00
2.165693044662475586e+00
2.143913030624389648e+00
2.123635530471801758e+00
